  [1] 177 215 197 125 158 173 192 214 161 214  95  98  97 163 176 102
 [17] 194 131 189  91 142 183  97 119 181 149 116 254 239 160 172 188
 [33] 211 197 175 163 159 158 159 177 181 231  97 175  83 137 143 179
 [49] 145 140 123 159 118  80 174 129 219 245 119 119 176 175 151 187
 [65] 126 165 136 108 192 138 159 173  75 154 152 187 131 179 151 122
 [81] 131 149  95 136 196 101 130 149 150 161 163 123 205 149 215 111
 [97] 186 118 198 124 179 135 151 171 166 147 194 227 141 175 152 167
[113] 199 116 134 206 148 111 131 155 141 155 155 150 184 168 143 190
[129] 169 124 104 165 137 168 158 209 197 169 213 159
   Min. 1st Qu.  Median    Mean 3rd Qu.    Max. 
   75.0   131.0   158.5   157.5   179.5   254.0 
     nbr.val     nbr.null       nbr.na          min          max 
  140.000000     0.000000     0.000000    75.000000   254.000000 
       range          sum       median         mean      SE.mean 
  179.000000 22047.000000   158.500000   157.478571     3.062579 
CI.mean.0.95          var      std.dev     coef.var 
    6.055263  1313.114645    36.236924     0.230107 
   Min. 1st Qu.  Median    Mean 3rd Qu.    Max. 
   75.0   131.0   158.5   157.5   179.5   254.0 
   vars   n   mean    sd median trimmed   mad min max range skew
X1    1 140 157.48 36.24  158.5  157.25 35.58  75 254   179 0.08
   kurtosis   se
X1    -0.29 3.06
  [1] 177 215 197 125 158 173 192 214 161 214  95  98  97 163 176 102
 [17] 194 131 189  91 142 183  97 119 181 149 116 254 239 160 172 188
 [33] 211 197 175 163 159 158 159 177 181 231  97 175  83 137 143 179
 [49] 145 140 123 159 118  80 174 129 219 245 119 119 176 175 151 187
 [65] 126 165 136 108 192 138 159 173  75 154 152 187 131 179 151 122
 [81] 131 149  95 136 196 101 130 149 150 161 163 123 205 149 215 111
 [97] 186 118 198 124 179 135 151 171 166 147 194 227 141 175 152 167
[113] 199 116 134 206 148 111 131 155 141 155 155 150 184 168 143 190
[129] 169 124 104 165 137 168 158 209 197 169 213 159
  [1] 177 215 197 125 158 173 192 214 161 214  95  98  97 163 176 102
 [17] 194 131 189  91 142 183  97 119 181 149 116 254 239 160 172 188
 [33] 211 197 175 163 159 158 159 177 181 231  97 175  83 137 143 179
 [49] 145 140 123 159 118  80 174 129 219 245 119 119 176 175 151 187
 [65] 126 165 136 108 192 138 159 173  75 154 152 187 131 179 151 122
 [81] 131 149  95 136 196 101 130 149 150 161 163 123 205 149 215 111
 [97] 186 118 198 124 179 135 151 171 166 147 194 227 141 175 152 167
[113] 199 116 134 206 148 111 131 155 141 155 155 150 184 168 143 190
[129] 169 124 104 165 137 168 158 209 197 169 213 159
[1] 1 2 3
m m m 
1 2 3 
  [1] 177 215 197 125 158 173 192 214 161 214 95  98  97  163 176 102
 [17] 194 131 189 91  142 183 97  119 181 149 116 254 239 160 172 188
 [33] 211 197 175 163 159 158 159 177 181 231 97  175 83  137 143 179
 [49] 145 140 123 159 118 80  174 129 219 245 119 119 176 175 151 187
 [65] 126 165 136 108 192 138 159 173 75  154 152 187 131 179 151 122
 [81] 131 149 95  136 196 101 130 149 150 161 163 123 205 149 215 111
 [97] 186 118 198 124 179 135 151 171 166 147 194 227 141 175 152 167
[113] 199 116 134 206 148 111 131 155 141 155 155 150 184 168 143 190
[129] 169 124 104 165 137 168 158 209 197 169 213 159
86 Levels: 75 80 83 91 95 97 98 101 102 104 108 111 116 118 ... 254
m m m 
1 2 3 
 m  m  m  m  m  m  m  m  m  m  m  m  m  m  m  m  m  m  m  m  m  m  m 
NA NA NA NA NA NA NA NA NA NA NA NA NA NA NA NA NA NA NA NA NA NA NA 
 m  m  m  m  m  m  m  m  m  m  m  m  m  m  m  m  m  m  m  m  m  m  m 
NA NA NA NA NA NA NA NA NA NA NA NA NA NA NA NA NA NA NA NA NA NA NA 
 m  m  m  m  m  m  m  m  m  m  m  m  m  m  m  m  m  m  m  m  m  m  m 
NA NA NA NA NA NA NA NA NA NA NA NA NA NA NA NA NA NA NA NA NA NA NA 
 m  m  m  m  m  m  m  m  m  m  m  m  m  m  m  m  m  m  m  m  m  m  m 
NA NA NA NA NA NA NA NA NA NA NA NA NA NA NA NA NA NA NA NA NA NA NA 
 m  m  m  m  m  m  m  m  m  m  m  m  m  m  m  m  m  m  m  m  m  m  m 
NA NA NA NA NA NA NA NA NA NA NA NA NA NA NA NA NA NA NA NA NA NA NA 
 m  m  m  m  m  m  m  m  m  m  m  m  m  m  m  m  m  m  m  m  m  m  m 
NA NA NA NA NA NA NA NA NA NA NA NA NA NA NA NA NA NA NA NA NA NA NA 
 m  m 
NA NA 
mean mean mean 
   1    2    3 
     df
1   177
2   215
3   197
4   125
5   158
6   173
7   192
8   214
9   161
10  214
11   95
12   98
13   97
14  163
15  176
16  102
17  194
18  131
19  189
20   91
21  142
22  183
23   97
24  119
25  181
26  149
27  116
28  254
29  239
30  160
31  172
32  188
33  211
34  197
35  175
36  163
37  159
38  158
39  159
40  177
41  181
42  231
43   97
44  175
45   83
46  137
47  143
48  179
49  145
50  140
51  123
52  159
53  118
54   80
55  174
56  129
57  219
58  245
59  119
60  119
61  176
62  175
63  151
64  187
65  126
66  165
67  136
68  108
69  192
70  138
71  159
72  173
73   75
74  154
75  152
76  187
77  131
78  179
79  151
80  122
81  131
82  149
83   95
84  136
85  196
86  101
87  130
88  149
89  150
90  161
91  163
92  123
93  205
94  149
95  215
96  111
97  186
98  118
99  198
100 124
101 179
102 135
103 151
104 171
105 166
106 147
107 194
108 227
109 141
110 175
111 152
112 167
113 199
114 116
115 134
116 206
117 148
118 111
119 131
120 155
121 141
122 155
123 155
124 150
125 184
126 168
127 143
128 190
129 169
130 124
131 104
132 165
133 137
134 168
135 158
136 209
137 197
138 169
139 213
140 159
mean mean mean mean mean mean mean mean mean mean mean mean mean 
 177  215  197  125  158  173  192  214  161  214   95   98   97 
mean mean mean mean mean mean mean mean mean mean mean mean mean 
 163  176  102  194  131  189   91  142  183   97  119  181  149 
mean mean mean mean mean mean mean mean mean mean mean mean mean 
 116  254  239  160  172  188  211  197  175  163  159  158  159 
mean mean mean mean mean mean mean mean mean mean mean mean mean 
 177  181  231   97  175   83  137  143  179  145  140  123  159 
mean mean mean mean mean mean mean mean mean mean mean mean mean 
 118   80  174  129  219  245  119  119  176  175  151  187  126 
mean mean mean mean mean mean mean mean mean mean mean mean mean 
 165  136  108  192  138  159  173   75  154  152  187  131  179 
mean mean mean mean mean mean mean mean mean mean mean mean mean 
 151  122  131  149   95  136  196  101  130  149  150  161  163 
mean mean mean mean mean mean mean mean mean mean mean mean mean 
 123  205  149  215  111  186  118  198  124  179  135  151  171 
mean mean mean mean mean mean mean mean mean mean mean mean mean 
 166  147  194  227  141  175  152  167  199  116  134  206  148 
mean mean mean mean mean mean mean mean mean mean mean mean mean 
 111  131  155  141  155  155  150  184  168  143  190  169  124 
mean mean mean mean mean mean mean mean mean mean 
 104  165  137  168  158  209  197  169  213  159 
Error in View : invalid first argument
     [,1] [,2] [,3] [,4] [,5] [,6] [,7] [,8] [,9] [,10] [,11] [,12]
n       1    1    1    1    1    1    1    1    1     1     1     1
mean  177  215  197  125  158  173  192  214  161   214    95    98
     [,13] [,14] [,15] [,16] [,17] [,18] [,19] [,20] [,21] [,22]
n        1     1     1     1     1     1     1     1     1     1
mean    97   163   176   102   194   131   189    91   142   183
     [,23] [,24] [,25] [,26] [,27] [,28] [,29] [,30] [,31] [,32]
n        1     1     1     1     1     1     1     1     1     1
mean    97   119   181   149   116   254   239   160   172   188
     [,33] [,34] [,35] [,36] [,37] [,38] [,39] [,40] [,41] [,42]
n        1     1     1     1     1     1     1     1     1     1
mean   211   197   175   163   159   158   159   177   181   231
     [,43] [,44] [,45] [,46] [,47] [,48] [,49] [,50] [,51] [,52]
n        1     1     1     1     1     1     1     1     1     1
mean    97   175    83   137   143   179   145   140   123   159
     [,53] [,54] [,55] [,56] [,57] [,58] [,59] [,60] [,61] [,62]
n        1     1     1     1     1     1     1     1     1     1
mean   118    80   174   129   219   245   119   119   176   175
     [,63] [,64] [,65] [,66] [,67] [,68] [,69] [,70] [,71] [,72]
n        1     1     1     1     1     1     1     1     1     1
mean   151   187   126   165   136   108   192   138   159   173
     [,73] [,74] [,75] [,76] [,77] [,78] [,79] [,80] [,81] [,82]
n        1     1     1     1     1     1     1     1     1     1
mean    75   154   152   187   131   179   151   122   131   149
     [,83] [,84] [,85] [,86] [,87] [,88] [,89] [,90] [,91] [,92]
n        1     1     1     1     1     1     1     1     1     1
mean    95   136   196   101   130   149   150   161   163   123
     [,93] [,94] [,95] [,96] [,97] [,98] [,99] [,100] [,101] [,102]
n        1     1     1     1     1     1     1      1      1      1
mean   205   149   215   111   186   118   198    124    179    135
     [,103] [,104] [,105] [,106] [,107] [,108] [,109] [,110] [,111]
n         1      1      1      1      1      1      1      1      1
mean    151    171    166    147    194    227    141    175    152
     [,112] [,113] [,114] [,115] [,116] [,117] [,118] [,119] [,120]
n         1      1      1      1      1      1      1      1      1
mean    167    199    116    134    206    148    111    131    155
     [,121] [,122] [,123] [,124] [,125] [,126] [,127] [,128] [,129]
n         1      1      1      1      1      1      1      1      1
mean    141    155    155    150    184    168    143    190    169
     [,130] [,131] [,132] [,133] [,134] [,135] [,136] [,137] [,138]
n         1      1      1      1      1      1      1      1      1
mean    124    104    165    137    168    158    209    197    169
     [,139] [,140]
n         1      1
mean    213    159
[1] 157.4786
     df
1   177
2   215
3   197
4   125
5   158
6   173
7   192
8   214
9   161
10  214
11   95
12   98
13   97
14  163
15  176
16  102
17  194
18  131
19  189
20   91
21  142
22  183
23   97
24  119
25  181
26  149
27  116
28  254
29  239
30  160
31  172
32  188
33  211
34  197
35  175
36  163
37  159
38  158
39  159
40  177
41  181
42  231
43   97
44  175
45   83
46  137
47  143
48  179
49  145
50  140
51  123
52  159
53  118
54   80
55  174
56  129
57  219
58  245
59  119
60  119
61  176
62  175
63  151
64  187
65  126
66  165
67  136
68  108
69  192
70  138
71  159
72  173
73   75
74  154
75  152
76  187
77  131
78  179
79  151
80  122
81  131
82  149
83   95
84  136
85  196
86  101
87  130
88  149
89  150
90  161
91  163
92  123
93  205
94  149
95  215
96  111
97  186
98  118
99  198
100 124
101 179
102 135
103 151
104 171
105 166
106 147
107 194
108 227
109 141
110 175
111 152
112 167
113 199
114 116
115 134
116 206
117 148
118 111
119 131
120 155
121 141
122 155
123 155
124 150
125 184
126 168
127 143
128 190
129 169
130 124
131 104
132 165
133 137
134 168
135 158
136 209
137 197
138 169
139 213
140 159
     [,1]
n       1
mean   NA
  [1] 177 215 197 125 158 173 192 214 161 214  95  98  97
 [14] 163 176 102 194 131 189  91 142 183  97 119 181 149
 [27] 116 254 239 160 172 188 211 197 175 163 159 158 159
 [40] 177 181 231  97 175  83 137 143 179 145 140 123 159
 [53] 118  80 174 129 219 245 119 119 176 175 151 187 126
 [66] 165 136 108 192 138 159 173  75 154 152 187 131 179
 [79] 151 122 131 149  95 136 196 101 130 149 150 161 163
 [92] 123 205 149 215 111 186 118 198 124 179 135 151 171
[105] 166 147 194 227 141 175 152 167 199 116 134 206 148
[118] 111 131 155 141 155 155 150 184 168 143 190 169 124
[131] 104 165 137 168 158 209 197 169 213 159
  [1] 177 215 197 125 158 173 192 214 161 214  95  98  97
 [14] 163 176 102 194 131 189  91 142 183  97 119 181 149
 [27] 116 254 239 160 172 188 211 197 175 163 159 158 159
 [40] 177 181 231  97 175  83 137 143 179 145 140 123 159
 [53] 118  80 174 129 219 245 119 119 176 175 151 187 126
 [66] 165 136 108 192 138 159 173  75 154 152 187 131 179
 [79] 151 122 131 149  95 136 196 101 130 149 150 161 163
 [92] 123 205 149 215 111 186 118 198 124 179 135 151 171
[105] 166 147 194 227 141 175 152 167 199 116 134 206 148
[118] 111 131 155 141 155 155 150 184 168 143 190 169 124
[131] 104 165 137 168 158 209 197 169 213 159
     df
1   177
2   215
3   197
4   125
5   158
6   173
7   192
8   214
9   161
10  214
11   95
12   98
13   97
14  163
15  176
16  102
17  194
18  131
19  189
20   91
21  142
22  183
23   97
24  119
25  181
26  149
27  116
28  254
29  239
30  160
31  172
32  188
33  211
34  197
35  175
36  163
37  159
38  158
39  159
40  177
41  181
42  231
43   97
44  175
45   83
46  137
47  143
48  179
49  145
50  140
51  123
52  159
53  118
54   80
55  174
56  129
57  219
58  245
59  119
60  119
61  176
62  175
63  151
64  187
65  126
66  165
67  136
68  108
69  192
70  138
71  159
72  173
73   75
74  154
75  152
76  187
77  131
78  179
79  151
80  122
81  131
82  149
83   95
84  136
85  196
86  101
87  130
88  149
89  150
90  161
91  163
92  123
93  205
94  149
95  215
96  111
97  186
98  118
99  198
100 124
101 179
102 135
103 151
104 171
105 166
106 147
107 194
108 227
109 141
110 175
111 152
112 167
113 199
114 116
115 134
116 206
117 148
118 111
119 131
120 155
121 141
122 155
123 155
124 150
125 184
126 168
127 143
128 190
129 169
130 124
131 104
132 165
133 137
134 168
135 158
136 209
137 197
138 169
139 213
140 159
           df
n    140.0000
mean 157.4786
[1] "numeric"
[1] "list"
[1] 159
[1] 9
[1]  1 10
[1] 1.414214
[1] 3.062579
            mpg          hp          wt
n     32.000000  32.0000000 32.00000000
mean  20.090625 146.6875000  3.21725000
stdev  6.026948  68.5628685  0.97845744
skew   0.610655   0.7260237  0.42314646
kurt  -0.372766  -0.1355511 -0.02271075
                      df
平均数        157.478571
中位数        158.500000
众数          159.000000
标准差          3.062579
方差         1313.114645
极差          179.000000
平均数标准误    3.062579
  [1] 177 215 197 125 158 173 192 214 161 214  95  98  97 163
 [15] 176 102 194 131 189  91 142 183  97 119 181 149 116 254
 [29] 239 160 172 188 211 197 175 163 159 158 159 177 181 231
 [43]  97 175  83 137 143 179 145 140 123 159 118  80 174 129
 [57] 219 245 119 119 176 175 151 187 126 165 136 108 192 138
 [71] 159 173  75 154 152 187 131 179 151 122 131 149  95 136
 [85] 196 101 130 149 150 161 163 123 205 149 215 111 186 118
 [99] 198 124 179 135 151 171 166 147 194 227 141 175 152 167
[113] 199 116 134 206 148 111 131 155 141 155 155 150 184 168
[127] 143 190 169 124 104 165 137 168 158 209 197 169 213 159
    length
1    27.25
2    28.55
3    28.91
4    29.29
5    29.48
6    29.86
7    30.00
8    30.33
9    30.58
10   30.92
11   31.58
12   27.64
13   28.57
14   28.94
15   29.32
16   29.53
17   29.86
18   30.08
19   30.38
20   30.61
21   30.96
22   31.69
23   27.82
24   28.61
25   28.96
26   29.33
27   29.58
28   29.88
29   30.12
30   30.41
31   30.62
32   30.97
33   31.71
34   27.92
35   28.64
36   29.06
37   29.33
38   29.59
39   29.89
40   30.14
41   30.45
42   30.66
43   31.03
44   31.92
45   28.04
46   28.68
47   29.06
48   29.38
49   29.66
50   29.91
51   30.16
52   30.47
53   30.74
54   31.15
55   32.24
56   28.22
57   28.69
58   29.15
59   29.39
60   29.67
61   29.94
62   30.19
63   30.47
64   30.75
65   31.16
66   32.38
67   28.22
68   28.73
69   29.21
70   29.41
71   29.67
72   29.97
73   30.22
74   30.48
75   30.75
76   31.32
77   28.37
78   28.79
79   29.24
80   29.43
81   29.69
82   29.97
83   30.25
84   30.52
85   30.78
86   31.36
87   28.44
88   28.82
89   29.24
90   29.45
91   29.72
92   29.99
93   30.27
94   30.52
95   30.85
96   31.44
97   28.46
98   28.89
99   29.26
100  29.47
101  29.74
102  29.99
103  30.27
104  30.57
105  30.89
106  31.50
data frame with 0 columns and 6 rows
data frame with 0 columns and 106 rows
  length
1  27.25
2  28.55
3  28.91
4  29.29
5  29.48
6  29.86
    new
1 27.25
2 28.55
3 28.91
4 29.29
5 29.48
6 29.86
                水稻产量
平均数        157.478571
中位数        158.500000
众数          159.000000
标准差          3.062579
方差         1313.114645
极差          179.000000
平均数标准误    3.062579
[1] 209
[1] 197
[1] 169
[1] 213
[1] 159
             水稻产量
平均数         157.48
中位数         158.50
众数           159.00
标准差           3.06
方差          1313.11
极差           179.00
平均数标准误     3.06

 75  80  83  91  95  97  98 101 102 104 108 111 116 118 119 
  1   1   1   1   2   3   1   1   1   1   1   2   2   2   3 
122 123 124 125 126 129 130 131 134 135 136 137 138 140 141 
  1   2   2   1   1   1   1   4   1   1   2   2   1   1   2 
142 143 145 147 148 149 150 151 152 154 155 158 159 160 161 
  1   2   1   1   1   4   2   3   2   1   3   3   5   1   2 
163 165 166 167 168 169 171 172 173 174 175 176 177 179 181 
  3   2   1   1   2   2   1   1   2   1   4   2   2   3   2 
183 184 186 187 188 189 190 192 194 196 197 198 199 205 206 
  1   1   1   2   1   1   1   2   2   1   3   1   1   1   1 
209 211 213 214 215 219 227 231 239 245 254 
  1   1   1   2   2   1   1   1   1   1   1 
   Min. 1st Qu.  Median    Mean 3rd Qu.    Max. 
   75.0   131.0   158.5   157.5   179.5   254.0 
   Min. 1st Qu.  Median    Mean 3rd Qu.    Max. 
   75.0   131.0   158.5   157.5   179.5   254.0 
[1] 1 2 3 4 5

 75  80  83  91  95  97  98 101 102 104 108 111 116 118 119 
  1   1   1   1   2   3   1   1   1   1   1   2   2   2   3 
122 123 124 125 126 129 130 131 134 135 136 137 138 140 141 
  1   2   2   1   1   1   1   4   1   1   2   2   1   1   2 
142 143 145 147 148 149 150 151 152 154 155 158 159 160 161 
  1   2   1   1   1   4   2   3   2   1   3   3   5   1   2 
163 165 166 167 168 169 171 172 173 174 175 176 177 179 181 
  3   2   1   1   2   2   1   1   2   1   4   2   2   3   2 
183 184 186 187 188 189 190 192 194 196 197 198 199 205 206 
  1   1   1   2   1   1   1   2   2   1   3   1   1   1   1 
209 211 213 214 215 219 227 231 239 245 254 
  1   1   1   2   2   1   1   1   1   1   1 
< table of extent 0 >
b
 1  2  3  4  5  6  7  8 
10 19 29 40 27 10  4  1 
  [1] 5 6 5 2 4 4 5 6 4 6 1 1 1 4 5 2 5 3 5 1 3 5 1 2 5 3 2 8 7 4 4 5 6 5 4
 [36] 4 4 4 4 5 5 7 1 4 1 3 3 5 3 3 2 4 2 1 4 3 6 7 2 2 5 4 4 5 3 4 3 2 5 3
 [71] 4 4 1 4 4 5 3 5 4 2 3 3 1 3 5 2 3 3 3 4 4 2 6 3 6 2 5 2 5 2 5 3 4 4 4
[106] 3 5 7 3 4 4 4 5 2 3 6 3 2 3 4 3 4 4 3 5 4 3 5 4 2 2 4 3 4 4 6 5 4 6 4
 [1]  75 100 125 150 175 200 225 250 275 300
  [1]  5  6  5  2  4  4  5  6  4  6  1  1  1  4  5  2  5  3  5  1  3  5  1
 [24]  2  5  3  2  8  7  4  4  5  6  5  4  4  4  4  4  5  5  7  1  4  1  3
 [47]  3  5  3  3  2  4  2  1  4  3  6  7  2  2  5  4  4  5  3  4  3  2  5
 [70]  3  4  4 NA  4  4  5  3  5  4  2  3  3  1  3  5  2  3  3  3  4  4  2
 [93]  6  3  6  2  5  2  5  2  5  3  4  4  4  3  5  7  3  4  4  4  5  2  3
[116]  6  3  2  3  4  3  4  4  3  5  4  3  5  4  2  2  4  3  4  4  6  5  4
[139]  6  4
b
 1  2  3  4  5  6  7  8 
 9 19 29 40 27 10  4  1 
b
 1  2  3  4  5  6  7  8 
10 19 29 40 27 10  4  1 
[1] 526
   Min. 1st Qu.  Median    Mean 3rd Qu.    Max. 
  1.000   3.000   4.000   3.757   5.000   8.000 
   vars   n mean   sd median trimmed  mad min max range skew kurtosis   se
X1    1 140 3.76 1.48      4    3.73 1.48   1   8     7 0.12    -0.26 0.13
  [1] 5 6 5 2 4 4 5 6 4 6 1 1 1 4 5 2 5 3 5 1 3 5 1 2 5 3 2 8 7 4 4 5 6 5 4
 [36] 4 4 4 4 5 5 7 1 4 1 3 3 5 3 3 2 4 2 1 4 3 6 7 2 2 5 4 4 5 3 4 3 2 5 3
 [71] 4 4 1 4 4 5 3 5 4 2 3 3 1 3 5 2 3 3 3 4 4 2 6 3 6 2 5 2 5 2 5 3 4 4 4
[106] 3 5 7 3 4 4 4 5 2 3 6 3 2 3 4 3 4 4 3 5 4 3 5 4 2 2 4 3 4 4 6 5 4 6 4
b
 1  2  3  4  5  6  7  8 
10 19 29 40 27 10  4  1 

Call:
line(d)

Coefficients:
[1]   3.705e-03  -5.054e-06

b
 1  2  3  4  5  6  7  8 
10 19 29 40 27 10  4  1 
b
 1  2  3  4  5  6  7  8 
10 19 29 40 27 10  4  1 
b
 8  7  1  6  2  5  3  4 
 1  4 10 10 19 27 29 40 
b
 1  2  3  4  5  6  7  8 
10 19 29 40 27 10  4  1 
[1] "table"
  b Freq
1 1   10
2 2   19
3 3   29
4 4   40
5 5   27
6 6   10
7 7    4
8 8    1
b
 1  2  3  4  5  6  7  8 
10 19 29 40 27 10  4  1 
 [1]  75 100 125 150 175 200
 [7] 225 250 275 300

 75  80  83  91  95  97  98 
  1   1   1   1   2   3   1 
101 102 104 108 111 116 118 
  1   1   1   1   2   2   2 
119 122 123 124 125 126 129 
  3   1   2   2   1   1   1 
130 131 134 135 136 137 138 
  1   4   1   1   2   2   1 
140 141 142 143 145 147 148 
  1   2   1   2   1   1   1 
149 150 151 152 154 155 158 
  4   2   3   2   1   3   3 
159 160 161 163 165 166 167 
  5   1   2   3   2   1   1 
168 169 171 172 173 174 175 
  2   2   1   1   2   1   4 
176 177 179 181 183 184 186 
  2   2   3   2   1   1   1 
187 188 189 190 192 194 196 
  2   1   1   1   2   2   1 
197 198 199 205 206 209 211 
  3   1   1   1   1   1   1 
213 214 215 219 227 231 239 
  1   2   2   1   1   1   1 
245 254 
  1   1 
b
 1  2  3  4  5  6  7  8 
10 19 29 40 27 10  4  1 
[1] 10 19 29 40 27 10  4  1
  [1] 5 6 5 2 4 4 5 6 4 6 1 1 1 4 5 2 5 3 5 1
 [21] 3 5 1 2 5 3 2 8 7 4 4 5 6 5 4 4 4 4 4 5
 [41] 5 7 1 4 1 3 3 5 3 3 2 4 2 1 4 3 6 7 2 2
 [61] 5 4 4 5 3 4 3 2 5 3 4 4 1 4 4 5 3 5 4 2
 [81] 3 3 1 3 5 2 3 3 3 4 4 2 6 3 6 2 5 2 5 2
[101] 5 3 4 4 4 3 5 7 3 4 4 4 5 2 3 6 3 2 3 4
[121] 3 4 4 3 5 4 3 5 4 2 2 4 3 4 4 6 5 4 6 4
b
 1  2  3  4  5  6  7  8 
10 19 29 40 27 10  4  1 
  [1] 5 6 5 2 4 4 5 6 4 6 1 1 1 4 5 2 5 3 5 1
 [21] 3 5 1 2 5 3 2 8 7 4 4 5 6 5 4 4 4 4 4 5
 [41] 5 7 1 4 1 3 3 5 3 3 2 4 2 1 4 3 6 7 2 2
 [61] 5 4 4 5 3 4 3 2 5 3 4 4 1 4 4 5 3 5 4 2
 [81] 3 3 1 3 5 2 3 3 3 4 4 2 6 3 6 2 5 2 5 2
[101] 5 3 4 4 4 3 5 7 3 4 4 4 5 2 3 6 3 2 3 4
[121] 3 4 4 3 5 4 3 5 4 2 2 4 3 4 4 6 5 4 6 4
  X.d2. X.d4. X.d6. X.d8.
1    d2    d4    d6    d8
   d2  d4  d6  d8
1 247 238 214 210
2 258 244 227 204
3 256 236 221 200
4 251 246 218 210
                 d2     d4     d6     d8
平均数       253.00 241.00 220.00 206.00
中位数       253.50 241.00 219.50 207.00
众数         247.00 238.00 214.00 210.00
标准差         2.48   2.38   2.74   2.45
方差          24.67  22.67  30.00  24.00
极差          11.00  10.00  13.00  10.00
平均数标准误   2.48   2.38   2.74   2.45

	One Sample t-test

data:  t
t = 2.0911, df = 7, p-value = 0.07485
alternative hypothesis: true mean is not equal to 34
95 percent confidence interval:
 33.84137 36.58363
sample estimates:
mean of x 
  35.2125 


	F test to compare two variances

data:  coin1 and coin2
F = 0.51823, num df = 7, denom df = 7, p-value =
0.4054
alternative hypothesis: true ratio of variances is not equal to 1
95 percent confidence interval:
 0.1037515 2.5885076
sample estimates:
ratio of variances 
         0.5182292 


	Paired t-test

data:  coin1 and coin2
t = 2.226, df = 7, p-value = 0.06133
alternative hypothesis: true mean difference is not equal to 0
95 percent confidence interval:
 -0.1634776  5.4134776
sample estimates:
mean difference 
          2.625 


	F test to compare two variances

data:  y1 and y2
F = 0.23525, num df = 7, denom df = 8, p-value =
0.07215
alternative hypothesis: true ratio of variances is not equal to 1
95 percent confidence interval:
 0.05194771 1.15256228
sample estimates:
ratio of variances 
         0.2352484 


	Two Sample t-test

data:  coin1 and coin2
t = 2.3011, df = 14, p-value = 0.03727
alternative hypothesis: true difference in means is not equal to 0
95 percent confidence interval:
 0.1783076 5.0716924
sample estimates:
mean of x mean of y 
  165.125   162.500 


	Welch Two Sample t-test

data:  y_a and y_b
t = -2.6043, df = 11.954, p-value = 0.0231
alternative hypothesis: true difference in means is not equal to 0
95 percent confidence interval:
 -15.220721  -1.350708
sample estimates:
mean of x mean of y 
 9.285714 17.571429 


	Paired t-test

data:  y_a and y_b
t = -4.1499, df = 6, p-value = 0.006012
alternative hypothesis: true mean difference is not equal to 0
95 percent confidence interval:
 -13.171208  -3.400221
sample estimates:
mean difference 
      -8.285714 


	Chi-squared test for given probabilities

data:  F2
X-squared = 0.6303, df = 3, p-value = 0.8895


	Chi-squared test for given probabilities

data:  F2
X-squared = 0.6303, df = 3, p-value = 0.8895

     [,1] [,2] [,3]
[1,]  119  160  158
[2,]   50   48  116
[3,]   91  112  118

	Pearson's Chi-squared test

data:  a
X-squared = 23.723, df = 4, p-value = 9.077e-05


	Pearson's Chi-squared test

data:  x
X-squared = 89.284, df = 2, p-value < 2.2e-16


	Pearson's Chi-squared test

data:  x
X-squared = 7.6919, df = 2, p-value = 0.02137

     [,1] [,2]
[1,]   37  150
[2,]   49  100
[3,]   23   57

	Pearson's Chi-squared test

data:  a
X-squared = 23.723, df = 4, p-value = 9.077e-05

    d.Incd.    d.Inpb.     d.Inba.   d.Incs.  d.Inmo.
1 -2.577022 -1.1604877 -0.95019228 2.0710733 4.550362
2 -2.328902 -1.9459101  1.56427752 1.1242547 2.896844
3 -2.883059 -1.6003054  1.76070107 0.7336021 4.450714
4 -1.045283 -0.6374052 -1.08595389 1.6333535 3.602447
5 -2.672505 -1.4975200  0.08206495 0.8254443 3.194907
6 -3.375880 -1.5841201  0.49009949 0.9042528 3.386850
     d.Inco.    d.Insb.   d.Intl.     d.Inw. d.low.muscle
1 -1.5929086 -3.9459246 -1.970886 -0.8517522           no
2  0.5389965 -3.9722419 -1.442384 -2.3156572           no
3 -0.5837581 -3.6266371 -2.181749 -1.7681863           no
4 -1.9928549 -0.3200474 -1.695870 -0.7809695           no
5 -1.9511872 -3.4552646 -2.087368 -3.4346453           no
6 -1.0316728 -3.3035589 -2.521464 -1.9230955           no
  d.age  d.sex                  d.eth     d.marital
1    21   Male Other race/multiracial Never married
2    15   Male Other race/multiracial       Missing
3    14   Male       Mexican American       Missing
4    43 Female     Non-Hispanic Black Never married
5    26   Male     Non-Hispanic Black Never married
6    17 Female     Non-Hispanic Black       Missing
                      d.edu d.BMI_kg.m2 d.PIR d.vitaminD
1 High school or equivalent        20.1  0.33       25.8
2 High school or equivalent        18.2  5.00       85.7
3         Under high school        19.9  2.46       57.2
4 High school or equivalent        33.3  2.02       36.6
5 High school or equivalent        22.1  3.85       38.1
6 High school or equivalent        22.9  0.53       28.5
  d.smoke d.alcohol.user d.PA_total_MET
1   Never           Ever           2480
2 Missing        Missing           4400
3 Missing        Missing           1496
4     Now           Ever           2480
5   Never           Ever           5760
6 Missing        Missing           5320
